0981594015
0981629053
0985349473
0982508949
0982591664
0982157834
0989524650
0989921542
0984481150
0983849534
0985144237
0987016241
0985026310
0982547621
0982420534
0986623254
0987312641
0981874231
0983758440
0986306421
0988036514
0981299573
0981906075
0985941240
0989278210
0984256124
0988923544
0984315921
0983823602
0983432415
0983071049
0989024152
0985601744
0981732637
0983641053
0986416054
0984289401
0985152573
0982670940
0984772631
0982690307
0984796821
0985840729
0982132470
0981890021
0982029271
0987069485
0981476273
0984787753
0981033743
0981516931
0982263920
0989602073
0986465502
0982312453
0984180257
0986206341
0989312724
0982609840
0985074329
0985303847
0985167950
0982023813
0984805147
0982031364
0989396154
0989165094
0984901785
0983763584
0986954201
0981421574
0981395172
0985539314
0983256941
0982084427
0981601184
0989247743
0981247964
